set in_a_risk := 100 400 740;

:     profit  abs(risk[s])    :=
1     3190.41    52.4711
2     3381.01   243.067
3     3018.16   119.783
4     3238.39   100.451
5     3141.21     3.27123
6     3085.94    52.0058
7     3036.78   101.159
8     3232.21    94.2673
9     3179.77    41.8244
10    3379.42   241.478
11    3112.3     25.6399
12    3194.24    56.3019
13    3138.64     0.699727
14    3110.24    27.7026
15    2973.33   164.61
16    3416.98   279.033
17    3023.09   114.852
18    3231.14    93.2017
19    3250.9    112.961
20    3128.93     9.00932
21    3143.15     5.21067
22    2916.75   221.196
23    3260.52   122.573
24    3262.83   124.89
25    3215.03    77.0905
26    2997.31   140.634
27    3081.88    56.0633
28    3016.91   121.031
29    3279.29   141.348
30    3255.81   117.865
31    3361.31   223.362
32    2984.61   153.337
33    3144.49     6.54732
34    2864.79   273.156
35    3126.81    11.1371
36    2975.92   162.019
37    3050.08    87.8615
38    3229.62    91.6811
39    2918.6    219.34
40    3216.01    78.0695
41    3213.49    75.5508
42    3204.6     66.661
43    3149.17    11.231
44    2843.63   294.309
45    3143.24     5.29456
46    3063.66    74.2787
47    3065.21    72.728
48    2988.25   149.698
49    3181.7     43.7603
50    3429.93   291.99
51    3141.7      3.75361
52    3137.1      0.847818
53    2853.51   284.431
54    2909.82   228.122
55    3253.36   115.416
56    3060.41    77.5337
57    3176.73    38.7829
58    3153.22    15.2724
59    3004.18   133.766
60    2926.55   211.391
61    3094.78    43.1626
62    3192.66    54.7192
63    3143.79     5.84711
64    3293.34   155.399
65    3167.7     29.7531
66    3393.06   255.114
67    3112.66    25.2822
68    3369.17   231.227
69    3018.94   119.005
70    3148.33    10.389
71    2957.49   180.457
72    3124.92    13.019
73    3308.1    170.154
74    3137.37     0.568386
75    2871.54   266.399
76    2977.92   160.022
77    3139.36     1.4127
78    3305.36   167.418
79    3149.27    11.33
80    3230.66    92.7147
81    3102.53    35.4113
82    2897.25   240.695
83    3141.29     3.34559
84    3142.67     4.72685
85    3279.32   141.381
86    3214.19    76.2451
87    3087.71    50.2297
88    3175.69    37.747
89    2961.56   176.381
90    3060.92    77.0197
91    3140.93     2.98254
92    3161.18    23.2348
93    3296.01   158.063
94    3328.85   190.908
95    3150.92    12.9734
96    3168.75    30.8076
97    3196.77    58.8248
98    3183.28    45.337
99    3113.66    24.2827
100   3190.09    52.1443
;

:      profit  abs(risk[s])    :=
1     11049.5     543.921
2     11099.9     594.353
3      9994.16    511.413
4     10860.1     354.481
5     10501         4.56449
6     10157.7     347.871
7     10349.8     155.792
8     11138       632.383
9     10663.6     157.986
10    11321.9     816.308
11    10495.3      10.2767
12    10927.2     421.624
13    10558.9      53.2883
14    10495.3      10.2984
15    10083.3     422.26
16    11710.9    1205.35
17    10230.5     275.122
18    11184.2     678.675
19    11023.7     518.168
20    10553.6      48.0671
21    10275       230.619
22     9855.79    649.783
23    11012.6     506.984
24    10280.7     224.872
25    10796.4     290.857
26     9808.76    696.81
27    10151.4     354.19
28    10135.9     369.626
29    10725.8     220.235
30    11000.2     494.63
31    11358.4     852.847
32     9959.38    546.192
33    10392.1     113.425
34     9397.9    1107.67
35    10595.5      89.9514
36    10039.7     465.88
37    10235.7     269.876
38    10921       415.463
39     9961.97    543.604
40    10571.1      65.5217
41    11017.6     512.023
42    10616.4     110.779
43    10219.1     286.496
44     9697.26    808.318
45    10902.3     396.719
46    10226.9     278.633
47    10181.1     324.521
48     9345.1    1160.48
49    10994.7     489.165
50    11445.4     939.827
51    10291.1     214.441
52    10547.9      42.2923
53     9539.58    965.99
54     9145.04   1360.53
55    10849.1     343.489
56    10067.4     438.197
57    10705.6     200.043
58    10722.6     217.012
59    10214.3     291.255
60     9528.94    976.635
61    10374.6     130.993
62    10815.9     310.362
63    10576        70.4739
64    11024.5     518.962
65    10562.2      56.6601
66    11169       663.441
67    10380.1     125.473
68    11263.5     757.898
69    10170.5     335.096
70    10392       113.618
71     9592.79    912.783
72    10429.8      75.7943
73    11307.9     802.375
74    10759       253.411
75     9518.35    987.223
76     9981.67    523.903
77    10531.7      26.1256
78    11000.4     494.778
79    10517.5      11.8933
80    10962.1     456.573
81    10244.7     260.875
82     9716.08    789.497
83    10484.1      21.4428
84    10725.8     220.213
85    10619.2     113.659
86    10477.4      28.1971
87    10507.8       2.21414
88    10441.5      64.0407
89     9840.39    665.187
90    10764.9     259.34
91    10250.8     254.773
92    10697.6     192.042
93    11085       579.449
94    11181.2     675.587
95    10423.5      82.0386
96    10873.8     368.242
97    10983       477.39
98    10292.9     212.696
99    10677.9     172.299
100   10809       303.436
;

:     profit  abs(risk[s])    :=
1     15253.9   1182.69
2     14112.1     40.9326
3     13948      123.136
4     14586.1    514.934
5     13533.4    537.79
6     13261.5    809.634
7     14025.2     45.9945
8     15553.1   1481.88
9     14860.7    789.513
10    14549.5    478.281
11    14672.8    601.669
12    14701.8    630.603
13    14520.9    449.753
14    13980       91.2226
15    13975.5     95.6445
16    16139.1   2067.9
17    13992.1     79.0757
18    14371.6    300.459
19    15197.8   1126.59
20    14367.3    296.175
21    13966.8    104.412
22    13604.3    466.899
23    14618.4    547.238
24    13707      364.13
25    14030.1     41.0599
26    13389.1    682.046
27    12918.3   1152.85
28    13298.7    772.429
29    13591      480.161
30    14171.2     99.9822
31    15500     1428.81
32    13637.6    433.577
33    13602.4    468.821
34    12086.3   1984.89
35    14104.6     33.3816
36    13392.5    678.708
37    14049.8     21.3482
38    14917.3    846.137
39    13074      997.164
40    13976.8     94.3828
41    14705.4    634.187
42    14349.1    277.897
43    13851.8    219.33
44    12966.7   1104.44
45    14905.7    834.482
46    13896.6    174.579
47    13208.3    862.896
48    11899.7   2171.51
49    14814.3    743.11
50    15717.3   1646.16
51    13466.3    604.883
52    14379.2    308.038
53    12595.8   1475.4
54    12185     1886.21
55    14697.6    626.461
56    13953.4    117.786
57    14888.6    817.457
58    14439.5    368.284
59    13283.6    787.559
60    12302     1769.21
61    13587.6    483.598
62    14937.4    866.232
63    13826.7    244.501
64    15040.2    969.008
65    13726.3    344.843
66    15322.6   1251.4
67    13729.9    341.28
68    14571.6    500.441
69    13364.4    706.81
70    14009.5     61.663
71    12802.1   1269.06
72    13825.8    245.367
73    15566.7   1495.51
74    14572      500.835
75    12906.1   1165.11
76    13955.7    115.493
77    13860.5    210.673
78    14983.7    912.522
79    14325.5    254.337
80    14575.7    504.551
81    13815.7    255.439
82    12574.2   1496.97
83    13403.8    667.335
84    14401.6    330.412
85    14363.5    292.326
86    13434.2    637.021
87    14253.8    182.592
88    13830.9    240.298
89    12615.1   1456.12
90    14332.5    261.346
91    13484.6    586.526
92    14023.8     47.4129
93    15135.1   1063.96
94    15460.8   1389.59
95    14137.7     66.551
96    15014.4    943.265
97    15048.2    977.02
98    13189.2    882.019
99    14854.1    782.895
100   14510.1    438.91
;

